0.999833 -0.001249
0.989552 -0.001310
0.979279 -0.001378
0.969015 -0.001452
0.958758 -0.001533
0.948509 -0.001622
0.938268 -0.001717
0.928035 -0.001821
0.917810 -0.001932
0.907591 -0.002052
0.897380 -0.002180
0.887177 -0.002316
0.876980 -0.002461
0.866791 -0.002615
0.856608 -0.002778
0.846432 -0.002950
0.836262 -0.003131
0.826099 -0.003322
0.815943 -0.003522
0.805793 -0.003732
0.795649 -0.003950
0.785512 -0.004179
0.775380 -0.004417
0.765255 -0.004664
0.755135 -0.004920
0.745022 -0.005186
0.734914 -0.005462
0.724811 -0.005746
0.714715 -0.006039
0.704623 -0.006341
0.694538 -0.006652
0.684457 -0.006971
0.674382 -0.007299
0.664312 -0.007635
0.654247 -0.007978
0.644187 -0.008330
0.634132 -0.008688
0.624082 -0.009053
0.614037 -0.009425
0.603996 -0.009803
0.593960 -0.010187
0.583928 -0.010577
0.573901 -0.010971
0.563878 -0.011370
0.553859 -0.011774
0.543844 -0.012180
0.533833 -0.012590
0.523826 -0.013002
0.513822 -0.013416
0.503822 -0.013831
0.493826 -0.014246
0.483833 -0.014661
0.473843 -0.015076
0.463856 -0.015488
0.453872 -0.015898
0.443891 -0.016305
0.433912 -0.016707
0.423935 -0.017104
0.413961 -0.017495
0.403988 -0.017879
0.394116 -0.018259
0.384312 -0.018655
0.374511 -0.019067
0.364712 -0.019494
0.354915 -0.019935
0.345120 -0.020389
0.335325 -0.020853
0.325530 -0.021327
0.315734 -0.021808
0.305937 -0.022295
0.296137 -0.022787
0.286335 -0.023280
0.276528 -0.023773
0.266716 -0.024264
0.256899 -0.024751
0.247074 -0.025229
0.237242 -0.025698
0.227400 -0.026153
0.217548 -0.026592
0.207684 -0.027010
0.197806 -0.027403
0.187913 -0.027768
0.178003 -0.028098
0.168074 -0.028388
0.158124 -0.028632
0.148151 -0.028821
0.138151 -0.028947
0.128122 -0.028999
0.118059 -0.028965
0.107959 -0.028829
0.097815 -0.028573
0.087623 -0.028171
0.077372 -0.027591
0.067053 -0.026789
0.056650 -0.025703
0.046141 -0.024235
0.035489 -0.022224
0.024625 -0.019353
0.013377 -0.014808
0.000000 0.000000
0.006825 0.018797
0.015779 0.027230
0.025117 0.033886
0.034667 0.039581
0.044360 0.044630
0.054159 0.049195
0.064042 0.053374
0.073993 0.057229
0.084003 0.060804
0.094061 0.064132
0.104163 0.067237
0.114303 0.070138
0.124475 0.072851
0.134677 0.075388
0.144906 0.077759
0.155158 0.079975
0.165431 0.082042
0.175724 0.083966
0.186033 0.085755
0.196357 0.087412
0.206695 0.088943
0.217044 0.090351
0.227405 0.091640
0.237774 0.092814
0.248152 0.093876
0.258536 0.094829
0.268927 0.095674
0.279322 0.096415
0.289721 0.097055
0.300124 0.097594
0.310529 0.098035
0.320935 0.098380
0.331342 0.098631
0.341749 0.098789
0.352155 0.098856
0.362561 0.098833
0.372964 0.098722
0.383365 0.098524
0.393763 0.098241
0.404092 0.097875
0.414322 0.097451
0.424550 0.096974
0.434775 0.096445
0.444998 0.095866
0.455219 0.095237
0.465437 0.094559
0.475652 0.093834
0.485864 0.093061
0.496073 0.092243
0.506279 0.091378
0.516481 0.090469
0.526679 0.089516
0.536874 0.088519
0.547065 0.087479
0.557252 0.086396
0.567435 0.085272
0.577614 0.084107
0.587789 0.082901
0.597959 0.081654
0.608125 0.080368
0.618286 0.079042
0.628443 0.077677
0.638595 0.076273
0.648742 0.074831
0.658884 0.073350
0.669021 0.071832
0.679153 0.070277
0.689280 0.068684
0.699402 0.067054
0.709518 0.065387
0.719629 0.063684
0.729734 0.061944
0.739834 0.060168
0.749928 0.058356
0.760016 0.056507
0.770099 0.054622
0.780175 0.052702
0.790246 0.050745
0.800310 0.048753
0.810369 0.046725
0.820421 0.044661
0.830466 0.042561
0.840505 0.040425
0.850538 0.038253
0.860564 0.036045
0.870583 0.033800
0.880596 0.031519
0.890601 0.029202
0.900599 0.026848
0.910590 0.024458
0.920574 0.022030
0.930551 0.019565
0.940519 0.017063
0.950481 0.014523
0.960434 0.011945
0.970379 0.009329
0.980317 0.006675
0.990246 0.003981
1.000167 0.001249
